77260.6
53180.996
39977.746
18501.516
24425.424
23255.424
21537.72
21752.66
19711.77
19008.197
12250.571
17876.354
17876.354
17848.379
16517.518
16517.518
16379.6455
16052.551
12750.61
13140.943
13355.403
13355.403
11013.945
10122.564
10122.564
10295.308
10295.308
10028.357
9352.706
9369.909
9291.525
9336.456
9077.096
8110.466
8057.9663
7847.508
7933.1562
7518.443
7216.4062
7112.6694
7367.2905
7277.846
6878.7534
7211.482
7201.47
7111.255
6559.5337
6664.21
6799.9106
6621.03
6367.963
6701.3057
6705.446
6676.0186
6484.226
6270.2915
6117.7324
6100.9995
6128.2236
6270.247
6094.3354
6249.123
5934.5103
6129.546
5701.5933
5975.1646
5813.193
5524.152
5853.1006
5694.783
5497.0103
5508.367
5631.822
5475.384
5578.119
5321.683
5494.9956
5507.1216
5253.235
5328.2617
5209.4043
5187.162
5446.8037
5284.2246
5066.9663
5088.4434
5106.3257
5183.3438
5328.476
5002.1826
5002.1826
4959.149
4970.9556
4806.698
4883.6045
4911.9307
4864.0874
4527.5674
4710.0596
4789.955
4769.746
4561.9487
3555.3157
4578.736
4472.956
4375.501
4416.4863
4553.751
4476.6616
4468.838
4365.2046
4376.4653
4093.1333
4351.5664
4429.5454
4320.9
4156.4854
4293.3926
4219.3755
4309.5034
4013.7495
4158.03
4065.054
3912.4438
3988.6045
4164.633
4154.405
3988.8933
3963.3127
4005.3394
4104.9775
4004.3875
4130.853
3967.71
4005.6096
4042.577
3828.3723
3882.3257
4075.3987
3903.4978
3934.636
3794.8892
3833.7366
3993.6995
3865.0835
3521.0112
3793.7173
3747.5256
3727.0422
3863.043
3784.2659
3880.4734
3809.0608
3879.6729
3879.6729
3683.1099
3805.0334
3655.2874
3702.177
3662.1968
3581.33
3766.3105
3708.4622
3595.9233
3615.0344
3606.7278
3661.0234
3634.4805
3563.3987
3616.9624
3539.3325
3459.2156
3442.2805
3637.0789
3435.608
3566.215
3573.4023
3500.7646
3489.2732
3544.4917
3517.3853
3476.8237
3421.708
3605.8115
3350.5593
3371.8079
3260.7227
3428.5027
3366.5972
3366.5972
3356.6006
3256.7278
3360.6426
3316.2488
3448.8167
3273.699
3218.4858
3276.141
3227.3303
3210.7136
3269.6453
3327.505
3158.684
3163.2102
3102.2017
3277.9133
3203.316
3163.598
2959.8193
2994.6277
3074.961
3201.19
2951.2703
2800.7522
3144.8584
3082.8264
2981.8733
3082.8264
2362.9421
2362.9421
3044.3455
2928.8206
2934.658
2969.9314
3063.7463
2974.87
2867.7136
2897.285
2980.8225
2896.1438
2861.9993
2945.672
2914.9148
2928.617
2759.6526
2910.3464
2889.8071
2901.0444
2892.0217
2901.0444
2855.1018
2913.1228
2805.0066
2753.5854
2759.8215
2942.3713
2787.9233
2868.1504
2787.4739
2678.4753
2867.414
2831.4438
2700.7578
2829.175
2805.9038
2814.0764
2767.102
2857.6895
2726.017
2721.8865
2698.0642
2725.484
2766.4768
2677.0195
2352.9692
2352.9692
2556.7153
2632.182
2674.275
2683.8435
2668.3213
2584.9775
2695.6194
2607.1711
2557.1055
2547.683
2579.1807
2607.772
2629.6335
2577.2698
2598.5208
2013.6954
2013.6954
2494.997
2556.2388
2534.4744
2479.0547
2555.293
2576.402
2429.0757
2507.3164
2512.726
2377.3232
2500.846
2538.236
2403.375
2423.019
2391.6235
2497.0007
2494.3591
2529.893
2363.0337
2463.7942
2525.7656
2464.3972
2399.727
2347.1616
2489.4253
2415.5435
2331.932
2361.3179
2386.7969
2288.8804
2377.6033
2376.8499
2372.176
2458.5706
2383.883
2265.6567
2391.7268
2276.8442
2220.1948
2271.4934
2202.3538
2258.768
1777.3804
2243.0696
2266.731
2153.5679
2387.0378
2313.7478
2259.012
2272.8547
1761.808
2214.6165
2085.3035
2200.5212
2265.574
2167.6462
2203.3955
2192.3975
2176.082
2186.512
2169.9727
2147.2139
2187.8372
2175.6165
2161.8362
2105.9321
2094.9592
2039.6447
2023.1754
2030.9867
2075.1138
2006.8086
2060.9705
2135.4539
2303.4126
2149.2434
2144.5276
2149.2434
2086.076
2130.726
2110.7856
2091.04
2132.406
2173.5781
2037.3557
2051.331
2033.557
2173.5781
1991.6735
2032.2906
1934.9062
2048.2268
2004.0192
2053.172
2071.5225
1963.4993
2118.1438
1947.8434
1778.5957
1778.5957
1986.1486
2004.3052
2058.2522
2014.1211
2008.1562
2007.4346
1947.5696
1965.783
1977.0852
1930.7365
1843.7958
1899.3568
1961.8124
1913.8069
1861.9167
1956.8418
1963.1588
1939.9166
1936.792
1939.9166
1738.458
1912.0886
1851.9164
1925.9459
1786.8633
1918.6487
1858.3523
1947.6091
1876.702
1918.7803
1878.0747
1842.475
1882.0714
1901.1936
1973.1411
1622.7406
1973.1411
1844.2363
1778.9852
1900.5703
1836.1056
1798.1193
1666.8737
1666.8737
1806.342
1792.1327
1859.6604
1711.7826
1877.241
1758.4048
1503.258
1856.049
1769.0142
1798.1517
1708.2202
1812.9188
1732.999
1792.5927
1804.6709
1726.5992
1792.5927
1740.8353
1665.0591
1719.806
1796.3008
1764.7688
1735.2721
1738.6997
1708.9451
1614.0807
1750.0879
1740.0408
1735.5791
1704.8423
1772.2006
1684.5233
1669.0739
1750.5624
1666.203
1639.3417
1697.4893
1675.2882
1526.5233
1665.4169
1502.0856
1671.4391
1636.3364
1694.0935
1684.791
1712.9154
1595.9001
1574.7402
1656.209
1737.6064
1653.884
1616.0314
1565.4716
1701.3993
1670.0674
1597.2107
1535.8538
1559.3567
1615.9783
1609.3497
1624.3077
1655.1923
1589.2522
1663.5809
1633.7944
1654.8843
1586.7148
1567.1493
1617.6407
1597.5038
1549.0162
1673.2422
1575.2833
1589.7736
1609.9048
1523.4524
1560.5369
1263.7596
1558.836
1596.3495
1543.3032
1557.2134
1605.343
1576.1407
1593.0922
1502.4557
1533.6205
1589.7494
1568.0125
1493.6454
1516.8728
1537.8834
1558.9213
1576.9519
1485.0604
1510.4622
1452.6709
1505.4072
1495.1556
1529.3707
1547.1088
1492.3198
1511.8813
1534.7363
1539.7203
1553.0093
1492.2266
1438.2725
1483.9132
1514.4902
1498.3011
1537.8224
1495.4589
1453.4619
1443.8917
1465.1692
1469.9089
1390.4545
1546.3151
1436.043
1465.7941
1546.3151
1484.1572
1480.925
1486.3226
1442.8049
1451.997
1436.7512
1399.0433
1438.5112
1377.4064
1451.8846
1422.7299
1405.7942
1400.8547
1410.5054
1416.4209
1451.141
1145.4172
1332.6725
1420.5582
1403.4185
1468.9258
1452.0631
1408.7855
1408.2166
1367.606
1460.1394
1385.8632
1387.6605
1367.0807
1420.9279
1356.9674
1358.6671
1378.2473
1554.0432
1395.337
1415.8721
1335.4329
1372.7798
1327.5302
1352.773
1356.4973
1317.7336
1399.0244
1375.7689
1383.1913
1256.4585
1343.2888
1393.434
1310.0356
1304.1792
1366.8782
1383.9543
1339.9379
1346.2625
1269.5765
1343.6819
1362.0283
1267.9832
1280.7911
1362.3109
1235.0103
1306.0066
1287.0719
1306.0066
1261.9968
1101.1586
1219.1431
1320.6508
1362.9415
1327.2313
1101.1586
1331.4325
1304.7816
1276.6572
976.5136
1304.7816
1280.529
1118.0576
1347.5879
1297.5702
1284.1395
1318.7307
1253.2048
1329.4435
1278.0448
1344.5708
1222.577
1270.4172
1321.1692
1305.321
1275.1799
1279.2937
1420.3578
1262.763
1308.5259
1321.1692
1129.0354
1260.7716
1290.2816
1227.9568
1244.2617
1227.6677
1254.6066
1227.1671
1317.961
1250.5343
1324.1772
1267.4868
1228.3331
1252.6722
1233.2067
1264.3628
1223.0529
1266.4482
1259.5919
1217.1896
1238.2412
1248.8024
1282.9019
1252.4136
1266.9038
1214.9135
1225.4955
1284.3359
1217.869
1189.907
1252.984
1284.321
1217.607
1180.2869
1221.107
1154.956
1188.8958
1229.9109
1204.5812
1135.1522
1177.6196
1288.2476
1208.1417
1098.7424
1215.3721
1233.2623
1189.4368
1192.8362
1082.1216
1210.635
1225.1943
1192.8368
749.79846
968.255
1170.4586
1191.354
1183.2755
1189.2562
1168.0181
1138.6007
1199.0487
1088.1445
1156.5984
1188.238
1187.0651
1125.4728
1187.6827
1177.327
1144.5735
1183.4753
1166.6425
1166.3223
1184.8109
1108.0837
1183.2123
1150.7395
1127.8041
1139.8472
1169.4912
1030.9248
1106.5442
1097.3099
969.77234
1156.636
1173.0941
1135.0587
1149.5829
1151.1649
1173.0941
1066.206
1140.737
1119.964
1095.3079
1126.0862
1105.893
1187.4775
1106.2115
1089.5481
1153.8011
1068.5977
1009.73334
1112.2462
1046.9684
914.69586
1099.5067
1099.962
1076.5494
1149.8577
926.38416
1093.7854
1099.5067
1073.0826
1013.713
1074.4092
1050.1077
881.8697
1109.7513
1102.8103
1087.3268
1086.1666
1092.9294
1080.3632
1111.7092
1075.1066
1075.3004
1095.7073
1032.4438
1111.7092
1115.5667
971.17566
1058.1461
1005.24493
1087.7488
1072.8612
1108.3148
1038.4843
1083.9584
1082.7267
1089.4923
1019.7817
1073.7306
1037.6974
1091.6578
1112.6447
1049.678
1061.9896
1068.316
1099.2765
1034.4949
1063.1267
1060.7928
1056.4468
1072.0476
1042.2826
681.2215
1051.3593
1056.5682
1072.2745
994.1958
1062.0195
1023.40674
1025.0225
1058.0675
996.44434
1064.9792
1036.8105
1047.0643
997.40204
1052.0266
983.40753
930.92584
1059.1699
1020.36755
987.4097
1046.6399
1047.3048
1031.9285
1050.1821
1048.8134
1002.18463
1016.8912
979.3642
1039.6564
1028.6875
1009.75165
1015.61066
999.8629
1011.615
884.0565
1042.3748
1014.331
1001.8716
1012.81995
1003.36743
994.90607
989.2391
1034.5802
949.4126
969.23456
997.58936
933.2773
953.0357
1028.0757
1015.3664
969.23456
973.6348
993.3703
985.1404
963.80994
1004.58795
938.0326
982.0048
905.86584
953.9875
967.72925
1000.03937
982.0048
1040.3175
770.0185
938.0326
974.79095
1029.76
924.2858
970.8871
967.72217
924.905
960.40924
947.4338
971.6857
995.5701
928.8874
878.86847
957.6167
926.722
986.79724
989.5278
977.4865
942.8932
965.836
973.2902
936.3534
977.4865
942.8932
780.8606
938.53784
891.63306
983.6539
981.99194
906.66113
948.6021
891.63306
949.06055
901.53314
888.0433
965.4662
952.79987
966.11035
937.1077
941.1124
929.36304
979.32385
926.4727
929.11975
946.90216
980.48846
956.84186
908.878
936.0494
869.93945
874.4477
933.9138
858.7045
937.51215
938.109
953.52747
873.3733
949.78253
949.78253
911.2631
790.9445
847.19574
876.0894
939.7338
811.34357
941.5836
925.2168
899.6235
911.22424
876.6838
973.7823
778.2139
849.5619
924.99146
950.6121
891.17847
974.3865
919.4849
894.84534
909.3974
921.7644
919.4849
885.2894
903.48975
884.5813
919.64014
936.2547
893.1472
912.644
911.57227
821.11084
906.063
942.7636
906.81775
881.58923
886.5253
930.7027
897.8663
884.06995
910.9083
898.5106
849.7295
949.9637
899.5535
880.4227
899.5535
869.3416
873.8539
906.0456
923.7325
846.43677
868.0328
846.22614
871.7952
840.0435
887.73517
848.4476
891.246
844.4592
867.7316
842.37476
881.0096
828.0082
853.67334
831.8586
846.5456
857.5861
914.64197
873.48236
822.9156
831.28217
882.71765
853.67334
883.1466
832.05414
643.59717
855.5066
861.8217
855.13605
837.3062
875.1811
818.31396
854.9991
864.25287
867.3738
845.5807
808.7234
880.4236
842.80804
762.65875
857.54614
836.7963
821.0852
824.2098
845.1934
876.0847
849.22266
855.38727
783.83936
891.03156
804.444
839.32306
844.2818
856.92065
833.8111
876.99493
782.1874
834.316
900.27423
815.5536
810.0349
790.42694
826.14307
735.5831
806.26086
898.8904
825.33734
818.47797
755.4345
794.4001
770.28204
793.5114
813.35986
790.15826
820.7636
821.0943
775.5385
839.1605
720.9502
769.509
698.73596
862.2939
809.21234
796.0394
802.2628
807.9487
808.59753
824.2138
778.32184
796.0394
862.2939
764.05084
739.36444
780.16583
822.14703
784.6814
762.23755
719.8613
739.36444
783.13153
800.37177
869.3553
782.7001
808.8475
805.1117
755.0123
749.7306
761.182
774.59595
792.05707
784.6814
646.08936
720.86255
740.3305
787.6568
752.9083
778.79504
779.84106
787.1932
780.8052
747.1007
725.8248
754.49835
788.09357
762.88086
720.8835
779.72125
747.1007
743.27106
735.4336
767.4492
713.2725
772.87964
748.21454
760.3128
757.39703
779.00757
762.16895
770.0402
687.9081
748.82104
771.4563
835.06885
773.2364
748.82104
706.65344
785.7981
722.3513
740.63745
790.87415
740.36536
719.5908
752.22675
696.77
518.2869
748.0939
782.24194
724.4302
735.789
711.4991
624.374
741.90594
746.58484
819.6087
745.4109
746.93756
748.26166
685.1924
746.66656
730.07684
726.9321
743.25507
716.7319
791.6868
717.0129
745.4425
745.8688
745.4109
677.15594
727.1975
735.49384
716.7329
696.4014
663.606
719.75354
739.3396
442.96362
741.8961
663.606
681.6769
694.06396
711.1073
670.08
708.3227
692.5772
742.7799
716.66797
733.01575
740.0885
701.314
713.70496
653.75385
712.15967
715.11914
719.1585
743.44257
709.9239
740.9268
700.6595
666.6705
720.0008
639.69855
737.93774
755.70123
758.37396
679.7334
639.22614
707.7776
712.1235
711.2363
701.85095
686.49646
727.2277
677.88586
732.53485
701.8799
679.01654
675.94336
710.5838
765.8852
652.7916
713.661
658.80963
749.3646
714.9696
658.3718
684.94806
696.21765
783.9401
691.40955
662.7478
655.6389
697.5811
688.41656
636.2639
686.31696
699.6136
666.38293
681.9686
697.5033
704.2761
698.1551
702.3719
678.4477
664.4927
644.08417
677.45197
658.1794
686.31696
699.87146
685.75867
734.86005
715.5559
708.0034
702.3719
704.2761
700.04675
635.4356
700.935
703.71674
702.8338
692.6209
665.99207
680.5448
666.6944
670.3304
686.1199
673.22833
694.6849
674.4515
698.7554
627.0285
695.68207
629.4258
605.3847
669.3055
610.2243
674.30054
636.56934
556.28815
675.79297
679.0511
667.2009
671.2693
674.2292
675.79297
664.3276
633.4416
709.99774
615.4539
648.3677
677.94415
663.4149
666.0801
659.14594
709.99774
609.16315
650.977
674.2292
598.1684
659.3836
622.9486
632.70245
589.8062
668.574
649.6462
601.87933
639.8694
659.5621
669.6836
647.21704
636.7287
652.8274
676.1945
626.7558
691.3611
670.98334
649.46985
654.82556
589.8062
617.3053
601.87933
651.6717
630.3188
653.0404
718.6228
588.00037
611.8795
715.336
714.59094
718.6228
653.0404
629.5073
650.0568
643.2102
629.38367
603.0503
618.9751
625.2958
653.5912
686.67114
655.7361
629.5073
650.0568
619.4309
607.6854
628.9762
577.16534
602.71655
584.21954
620.6976
552.31537
632.84985
621.49866
588.1639
615.0688
603.1927
629.1284
627.2889
609.9296
696.02747
618.75415
623.835
632.2148
655.8117
595.91223
625.5441
584.21954
662.32465
588.702
559.9944
614.0561
612.7114
633.18207
604.98096
655.84143
611.8508
552.64105
625.0408
566.77686
563.2466
620.16327
603.84894
638.6847
595.4231
624.68536
576.0861
612.1258
618.10297
624.5049
638.89886
624.5049
638.6847
620.143
600.4777
674.2362
694.4104
625.4292
617.14886
618.37866
611.23975
612.36536
583.5439
615.1966
594.5718
589.01605
603.2004
555.88605
590.73944
614.76013
571.4606
602.33075
599.3167
600.01953
585.7664
606.5254
623.9023
612.6225
577.87933
605.6069
598.0428
577.87933
581.79926
584.10187
619.7615
465.19
614.76013
573.4773
583.9506
583.68726
569.60626
577.20544
580.90717
576.5349
580.68866
594.8742
641.07874
527.7167
615.73315
561.2734
558.9121
574.8545
579.20917
579.3486
559.9262
644.9675
599.5072
609.0057
575.87036
549.3182
553.47644
564.03186
585.2268
584.3636
591.55334
644.9675
641.07874
592.1581
577.50024
592.63617
540.9643
559.0558
630.0017
414.1347
539.03516
630.0017
562.2602
590.07886
556.40295
606.94586
588.6581
571.0742
580.55145
562.60004
582.20496
541.3892
591.2963
569.4363
602.98004
595.5106
414.1347
544.53546
577.92004
569.8879
569.4363
558.9671
516.34973
503.20303
559.5144
544.0762
573.38794
551.1384
545.94855
560.0765
555.49884
560.2499
581.7494
555.167
587.2753
577.70123
562.2825
503.20303
544.9305
526.7951
522.4906
533.06134
347.4208
586.8074
582.12286
556.5752
501.6067
508.66873
552.13434
562.2198
538.2666
554.4747
547.2123
507.36978
538.92944
537.5536
515.38654
574.7535
582.35516
552.33136
547.80383
544.65356
563.673
553.1748
568.53015
515.18036
539.4849
541.4306
569.1051
548.09436
588.649
547.2123
526.9021
574.7535
561.35864
547.30286
537.5536
530.1297
566.4858
582.35516
560.4866
550.837
544.452
516.9493
539.0611
532.28955
521.8312
540.27216
539.67596
558.5819
556.47906
561.67426
504.76538
546.1972
492.82837
552.1595
563.0798
504.669
542.07947
562.3974
562.87506
488.56808
543.9825
536.70514
542.9208
536.91034
556.47906
566.0174
505.4986
538.0679
539.39655
541.7412
506.34412
540.25073
546.45123
519.36804
476.86026
534.12787
502.96774
488.32803
542.96906
527.1856
537.3666
552.9825
539.8389
510.2091
528.5512
531.00073
522.7607
487.48505
551.2163
517.1517
540.53156
529.5526
529.14056
545.75604
499.08002
541.8548
552.9825
492.8812
549.0382
534.79974
532.55725
521.36237
533.6011
526.67505
526.12506
521.6013
545.80963
501.7147
536.9096
522.7607
532.8794
503.7484
512.34973
516.4417
466.47327
515.43256
524.1283
527.35016
540.8457
508.1445
536.45386
547.59766
561.8341
524.44525
507.248
518.479
538.3294
530.3444
501.9368
523.6401
511.18582
533.67596
500.4337
506.57104
488.81824
477.717
510.13553
461.47256
538.3294
492.33923
524.44525
534.8155
472.65222
521.131
528.7874
499.51712
479.43326
482.04547
495.06827
471.21964
495.62924
496.02765
521.83606
481.1022
488.42877
503.57187
513.694
465.7208
493.2262
499.74417
500.4996
463.5743
518.8799
512.5326
497.05432
502.2977
503.9012
545.36475
505.64447
509.50916
506.8096
496.86694
530.291
515.9842
466.50027
515.6036
481.90826
503.57187
498.93945
512.30365
509.69058
509.95764
486.36002
480.75235
521.83606
461.43307
471.95868
483.65717
497.41107
466.6653
507.98822
468.57083
478.15662
482.94995
473.06613
497.66232
524.3726
497.48254
507.98822
514.31903
545.4612
497.27338
475.545
489.96066
496.41977
451.9922
521.03815
524.3801
500.25125
520.56555
464.03833
485.27725
508.35278
487.08646
468.57083
511.15808
478.72705
500.94196
520.6803
514.31903
510.97775
518.30725
485.46786
509.04324
519.0084
495.22745
506.35608
494.91193
478.12564
497.48254
481.8801
458.62247
410.90646
415.04056
489.76062
496.4826
306.83426
468.97482
439.59808
481.8801
464.0998
469.3276
486.3063
457.2433
491.35226
480.80807
491.33096
481.55994
495.51398
426.13538
469.31253
459.97122
467.75424
489.76062
439.59808
457.53683
513.13904
426.13538
457.48068
495.18805
471.29987
467.29745
427.21234
425.9722
485.31946
438.14188
410.1312
440.9651
496.72174
455.09024
481.27383
440.04938
443.7185
461.76917
463.99588
490.86548
491.56238
435.50955
497.18185
478.22528
492.3088
494.62378
472.70178
454.42514
464.42603
410.1312
439.72153
473.883
467.7855
450.2638
452.64862
418.13696
468.6745
440.04938
444.75955
459.05508
453.84695
438.14188
459.9336
478.17822
436.824
433.42877
435.443
452.25726
415.72812
481.99094
447.87878
452.01572
455.57208
434.1778
454.3315
437.93063
461.47403
430.85785
408.5063
405.56155
448.02286
459.7641
455.39783
463.3531
464.28232
476.6416
457.15295
476.90552
453.44342
428.54294
444.39212
464.25897
481.99094
448.3347
477.71658
462.3912
466.83395
462.69388
453.65326
415.72812
419.55396
454.3315
454.54465
463.89816
451.44302
446.49536
441.4731
446.27634
422.59656
461.17084
442.23264
429.84497
447.64835
450.2764
453.94345
456.849
453.2832
441.87988
465.84604
420.54126
438.80884
445.70926
448.35693
434.2326
445.1339
422.56268
437.9534
462.32965
454.9372
457.2299
433.88177
455.97714
420.39984
419.6782
437.82074
422.2684
452.7709
445.70926
454.9372
405.59387
445.33133
450.12634
435.25177
441.67517
446.44055
458.4173
460.54636
400.9285
440.27267
429.89215
402.7262
436.7716
416.74396
459.85815
441.48035
411.1123
423.06662
429.9148
446.7244
418.52777
417.22733
441.46838
424.53336
390.06485
420.9651
429.89215
440.37946
391.63046
449.45935
441.48035
410.57135
446.61322
422.88763
432.9164
446.53116
443.77676
421.64658
430.1525
426.14798
439.09888
459.85815
419.59473
446.7978
438.3934
455.3047
435.7934
422.88763
439.99622
419.59473
440.8565
438.7295
432.56918
398.67133
443.41483
413.2787
442.303
399.6032
414.25876
395.3892
428.67197
360.64786
440.19293
394.83438
435.0732
414.61078
416.07343
406.42252
424.04758
412.7501
424.01453
404.09436
391.2057
431.6167
422.51395
425.72943
388.36725
413.93658
434.36752
434.73297
392.96655
440.99902
416.44846
410.57767
434.7501
416.44846
420.29965
369.2723
413.35925
403.746
396.65314
427.28543
404.1259
417.63086
424.43533
428.58905
385.26297
398.79034
403.19162
366.83463
426.95874
413.33838
388.2086
418.94882
415.02625
416.04456
427.14133
412.8551
376.74905
404.75754
383.0705
418.42188
410.95004
381.34857
415.09366
398.09207
393.4622
335.36288
406.84872
404.41345
388.41138
386.11853
398.98645
398.96472
416.42456
424.22113
412.26984
398.00272
417.4544
381.00818
413.7944
392.8956
409.46893
426.61917
433.82556
400.30472
388.51385
371.24805
393.64316
413.9699
391.96478
386.11853
397.74197
418.70197
396.19556
409.03693
407.6099
393.34277
413.95676
427.14133
387.27963
343.3674
373.49387
376.51807
358.29822
365.98468
414.71188
402.74713
369.2498
408.7071
395.02023
365.81165
402.5424
394.70148
376.4804
379.43076
392.82993
401.1909
395.0526
403.7979
414.70956
417.03104
366.17075
405.48767
430.8232
385.32162
396.23917
325.73148
380.07327
395.95468
358.29822
387.09705
384.55972
412.0549
400.58603
397.13992
411.41742
406.348
396.77774
396.44156
389.23868
349.68967
388.04922
399.14478
388.44833
401.2162
352.74527
396.23917
370.16162
387.2789
420.33063
389.22134
382.4026
400.58603
385.16293
381.24072
398.50507
405.57852
410.88132
380.74155
363.78778
412.46268
384.56573
382.92416
356.9569
367.3988
373.0982
384.1978
380.6744
387.23877
374.66406
383.68683
381.22992
382.26453
390.94232
400.4238
360.29062
351.68732
368.42822
401.56503
407.01343
384.86102
373.6946
380.46213
376.57364
384.56573
361.5906
401.91586
372.062
401.3388
333.91025
381.71133
379.76773
364.52234
381.31134
379.8677
399.2638
391.68927
380.0075
387.83478
379.07092
383.1094
348.5663
382.91132
367.2395
383.08435
398.7876
390.93878
380.66763
379.94586
394.304
376.6197
385.97964
379.42133
389.22607
377.30777
407.01343
352.94006
378.91498
363.56555
383.08435
384.5245
350.7949
370.74142
387.52017
328.59833
383.80576
379.05933
330.07315
345.2088
380.1939
384.6031
378.96808
364.46362
381.85458
351.45758
372.0942
364.60846
378.3312
385.6411
369.27594
353.93936
368.14664
367.50375
372.89743
353.3731
378.51605
382.3685
339.65277
337.88217
384.6113
367.2609
351.3981
368.17404
378.13196
392.66104
368.5089
356.81033
415.03503
381.64633
364.46362
354.7195
378.96808
365.78668
380.45694
385.4201
338.3132
392.30624
377.6399
345.38696
330.59756
320.3391
334.79935
341.30478
377.72287
371.12802
357.91193
387.86493
365.5764
353.3731
329.8068
365.3518
380.45694
350.35526
387.0249
364.69345
357.0066
353.75958
376.9062
358.59375
364.74893
363.42
339.35364
332.39682
345.14203
352.52512
344.43225
332.74124
360.16473
329.47662
364.87592
362.23
382.915
326.7591
375.25378
299.45285
369.8554
332.10437
371.9015
314.969
366.12598
366.40176
381.79074
334.39664
367.5692
345.07977
356.34418
364.74893
385.38452
373.69424
366.26797
350.47232
371.71088
371.81372
344.26117
376.34235
372.7969
365.08112
332.10437
379.0066
346.1306
359.10135
330.7651
381.79074
330.14444
343.0548
372.96725
377.8047
371.709
334.39664
325.90677
327.2627
327.71906
359.80887
335.78094
354.5776
346.00647
352.1597
319.54504
342.3099
351.8565
357.67432
360.71246
351.9489
346.01633
323.28174
231.27261
364.6775
321.68918
349.99576
353.13748
342.68146
350.51398
327.71906
340.33972
351.5354
374.06134
344.27542
310.478
327.92932
367.5367
374.09268
361.17154
344.79996
339.2362
354.60648
354.76172
354.62988
352.34695
338.93723
330.3329
340.63184
313.1845
352.06635
363.75104
329.8746
343.88425
344.45013
337.05008
338.93723
333.11234
333.98975
355.7057
374.06134
340.75766
354.60648
351.9489
336.6659
327.92932
367.85016
348.73776
357.67432
312.2932
346.4239
347.13977
329.573
320.90582
329.3452
329.4825
353.65244
316.03052
332.42224
324.68762
339.80286
325.4183
343.40686
321.03885
328.0226
319.2848
348.864
341.55365
338.7211
322.40118
330.33292
333.50287
338.6164
344.48547
334.75955
358.1033
328.55405
314.53595
337.7568
340.73926
331.21628
331.09442
350.50653
314.53595
311.5403
332.42224
342.18378
338.7211
317.94083
339.12222
353.55447
344.35754
318.31192
324.3856
336.0238
326.2937
340.0179
338.49603
334.64963
312.0114
297.98444
337.62418
347.15247
304.70227
320.773
327.99286
331.1969
321.11896
316.65512
312.86978
305.15106
304.68808
319.74637
330.40436
313.93005
328.64923
341.15994
332.28806
344.64258
329.12183
324.48984
313.9714
291.34653
316.0674
335.60605
334.1159
317.47177
313.34473
249.97418
317.68958
304.3018
290.44577
319.74637
313.66022
324.53964
328.16388
318.21817
324.82098
308.0058
273.8906
323.2443
320.35425
319.47855
286.26242
312.87613
318.27692
335.01236
325.1821
349.06244
315.0138
340.4897
321.86658
326.53256
328.12418
327.67822
322.3519
334.15045
334.9112
323.48642
335.48532
337.81946
322.54276
316.52893
327.96194
326.74524
300.8324
333.57858
249.97418
300.70773
313.49603
309.47452
327.0829
312.87613
279.46478
326.30276
335.77344
275.42636
301.32367
326.07108
265.179
337.32123
331.8632
327.19153
323.8437
215.3222
329.44327
327.72104
313.1107
291.10968
288.7077
300.72797
294.826
311.68204
309.75308
314.59586
290.72604
322.34445
298.7653
314.33096
315.07855
310.33
307.2721
329.1984
327.8178
303.91818
312.8686
299.5891
329.42783
309.07413
311.68204
314.21182
313.93237
294.75894
294.17603
307.66187
315.91898
311.17252
295.821
321.99597
324.0794
309.57605
253.31027
329.18494
310.47052
318.58167
317.7813
281.71283
329.623
274.06644
325.2877
316.90317
323.57028
308.09317
323.09763
328.8032
314.59586
318.26343
302.1328
310.43362
310.48688
312.73645
292.49188
306.2217
321.61154
308.35342
321.83606
306.54675
306.54675
319.019
301.83878
306.63208
292.48944
312.92496
325.60168
260.86307
313.93237
293.02362
274.06644
299.55743
305.234
303.59082
296.4086
316.39285
314.56226
306.2217
312.17255
299.5891
298.3244
299.91568
303.91818
307.24545
303.32846
295.821
245.91322
320.19244
307.54266
312.6789
309.067
280.16568
191.26476
312.63644
313.1523
282.7481
307.41534
303.3046
277.28427
294.7158
282.08658
298.32053
298.19916
299.07965
270.79572
281.8103
308.20782
281.79538
316.84
307.80588
299.61298
306.15424
304.6792
308.23126
302.67444
277.28427
316.60947
281.45575
276.13306
298.3471
299.79633
292.5335
294.60065
307.4281
307.41534
298.86407
298.01218
307.03165
288.4097
297.684
269.3882
266.67914
276.2747
273.89618
290.37436
276.48654
307.7443
288.7216
302.9411
315.72256
301.9463
294.7141
287.50174
296.22366
290.01172
287.87012
314.96936
298.06613
295.93393
308.97974
320.35602
314.4297
306.82208
309.6086
299.78674
316.60947
271.37628
306.93997
306.27014
298.37723
281.8103
289.39148
306.82208
317.6341
273.74335
302.9411
296.26294
257.2857
273.89618
294.53323
302.73605
298.82846
298.72327
283.22278
226.03662
282.0525
291.4918
300.13324
300.01617
235.37819
279.43512
285.46735
293.78995
290.44385
261.14764
276.50656
288.92358
256.86713
189.91394
273.5493
289.52118
275.80255
278.00058
291.61847
280.30856
295.33484
275.30325
297.61966
275.27542
291.54077
309.10785
273.36002
286.13907
283.98276
287.34418
293.39307
275.33673
290.44385
280.53107
261.14764
290.05698
292.76965
282.0525
264.21597
221.14638
280.23938
264.03973
226.03662
284.9839
255.00197
294.83435
285.59268
298.17838
280.85812
269.35873
307.7646
296.89786
303.06497
272.01395
279.57318
273.0179
293.78995
295.1288
301.23364
300.7725
261.64575
296.32996
287.88193
296.62054
296.38467
273.77078
301.23364
308.7174
286.05725
291.0704
189.91394
286.3696
291.4971
277.47955
265.63254
286.07956
276.6596
272.71912
284.2153
291.91888
288.02686
286.13907
280.53107
288.5193
288.33902
257.55682
278.22556
292.65292
269.47787
279.8398
200.89764
275.02115
240.54295
258.42346
279.89853
273.56525
289.47122
270.02237
289.30615
272.31326
274.64697
282.14383
268.9469
286.74268
258.42346
295.426
281.85965
258.99207
244.29015
283.757
258.2318
284.8784
292.0701
287.88867
275.474
281.86328
274.96802
276.3172
261.012
279.66922
281.35092
254.44724
271.1124
256.10355
276.79935
277.86963
262.70883
283.77997
282.3204
286.9351
274.05807
284.15897
271.06198
282.1121
287.53506
277.63617
277.17435
280.6307
235.45203
279.89853
264.9906
235.30396
276.40375
267.0315
289.38434
287.74228
265.62988
246.4433
278.11963
258.2318
275.474
235.84091
248.58574
276.3244
295.426
235.45203
241.27939
258.58218
269.18665
268.1941
256.5905
244.05681
288.02527
257.0318
262.91083
223.44212
255.34845
251.36824
245.18263
255.206
257.86475
274.1339
272.93747
280.40176
260.94724
260.46396
267.5116
251.43973
240.68684
232.66826
266.41046
226.50917
277.81247
260.53897
257.32898
257.29172
263.90918
258.59888
276.44577
249.48888
272.81125
272.1961
269.06125
242.87384
264.46005
289.47568
264.8481
257.77704
272.7759
247.48416
255.91151
285.3046
269.0195
244.09969
255.51154
243.93687
250.48337
279.60214
269.0378
271.64532
273.55887
267.31122
268.24017
265.44736
271.1723
269.17154
271.93106
266.97665
253.7314
268.3255
264.80606
252.25798
282.67044
274.44498
263.0137
255.5199
269.16876
284.68356
251.50949
258.28775
241.97821
263.9858
223.89247
267.7588
268.95642
269.68735
252.2576
226.47502
268.93307
257.32898
270.86438
258.59888
277.38947
274.53702
271.64532
269.16876
277.81247
232.66826
289.47568
260.8481
253.14131
211.6607
217.70715
261.39728
257.18457
255.11
239.66237
209.92981
251.78662
218.90317
255.12184
219.88731
232.42313
218.90317
253.50838
260.63303
257.78656
257.5917
241.0711
247.28978
262.71878
245.52386
256.6036
242.3842
267.30765
254.47937
256.27148
252.14255
255.11757
230.27618
260.60168
212.91946
234.91194
257.2528
239.32701
241.66156
255.59088
230.83232
249.07507
208.017
221.28177
232.8016
238.358
254.23102
229.14966
241.5008
252.09293
259.96198
261.81635
245.62067
258.23615
242.38649
251.53654
258.0719
246.50243
241.45248
244.99484
256.06592
249.07509
260.3988
244.15321
241.9981
258.11075
256.64008
244.7762
254.45993
258.78375
231.54446
255.33856
247.95918
249.66716
248.13895
248.11075
241.0112
260.88977
241.70837
250.58537
239.82782
246.59769
253.33536
252.59767
260.60168
241.45248
237.97864
247.37065
254.47937
256.27148
256.8874
232.9485
249.5365
255.15245
240.9893
230.83232
261.3735
230.01355
267.30765
242.28932
255.72032
244.99484
250.34924
246.3782
250.73296
233.65242
227.90396
224.56157
235.35007
225.5294
225.36
176.75435
228.23454
222.99213
193.52861
258.30682
222.377
227.725
255.83176
239.64214
255.97267
237.95605
214.30644
237.92307
254.90404
241.87347
246.04129
221.66238
209.93294
230.02625
249.59885
230.03853
223.08409
217.55563
184.64838
241.389
242.46631
254.00403
240.46558
238.85085
237.70949
239.90434
242.87071
246.3782
208.52823
230.43059
231.87032
250.48058
229.94727
230.2711
240.75635
221.78658
256.081
230.09843
249.10797
242.89648
231.17184
229.52785
259.71405
240.40118
230.48064
243.73973
242.6806
230.20914
242.55803
252.32822
250.28502
244.08496
248.50885
243.97302
252.29729
244.36954
246.8191
240.53061
235.86748
217.55563
234.8544
246.04129
233.45126
188.97691
235.7996
209.93294
242.82861
235.44247
230.43184
230.90915
229.52785
217.77106
241.87347
240.9128
228.0405
230.88533
231.38216
230.86949
248.39175
220.41975
219.58653
248.09688
224.66551
246.27824
216.05878
235.64882
218.67659
237.97697
221.01231
227.60995
217.42747
227.106
217.2048
237.0834
216.18182
229.99054
233.92744
225.44016
223.35803
202.46832
227.85323
229.70163
212.6044
222.97624
227.53339
228.32736
235.67229
220.2163
222.43219
224.89172
252.21637
230.84926
227.87862
214.73413
224.34721
230.43857
219.87895
225.25085
229.92226
211.6255
227.106
219.60762
235.77899
242.47426
217.57462
221.88022
236.91551
197.64607
237.58934
191.0088
226.03342
194.57661
221.83023
218.23376
217.6397
227.18816
221.60318
188.66827
244.39764
228.54607
217.42747
223.30045
225.12668
231.92824
216.76752
209.55006
230.00798
236.67744
235.79964
240.87471
204.46669
240.0552
211.82343
215.57582
227.60995
205.08293
213.76668
225.90366
239.74963
235.05243
228.80322
216.34653
228.62387
225.90366
227.12149
210.65994
197.64607
226.51038
219.84247
247.31914
218.30045
232.07228
211.19087
236.356
205.08293
228.7711
212.95284
189.62692
227.86792
195.25475
204.18254
204.46669
223.61754
198.98534
224.16231
172.27861
229.17154
219.5508
235.12547
203.32231
233.35362
230.84926
206.66115
212.71553
221.73064
235.77899
231.46114
221.11113
228.58302
229.92226
222.68576
203.10164
217.70204
216.13068
199.27705
229.6953
211.6302
214.48778
199.39052
219.5849
178.72224
214.73335
208.87425
196.02228
204.0222
218.04529
234.38263
214.82233
220.18335
206.26556
218.61195
218.2342
196.84688
225.24213
209.62743
216.96872
220.0203
211.68568
220.83617
225.61752
208.60638
225.93616
217.81271
227.25562
219.80878
217.28896
214.46988
204.8151
215.05635
223.60603
219.94371
227.96747
202.99132
234.38263
217.42029
224.17189
229.69093
218.58852
219.5849
220.13852
197.98495
216.31706
210.30516
204.73695
172.03247
205.76393
225.14891
219.94289
223.56673
223.64171
211.67818
224.3814
194.66312
221.15326
179.79248
206.46872
214.48778
217.42944
211.7739
224.7838
213.06111
212.55563
220.96832
210.38496
182.41182
227.45639
199.783
202.97504
213.91632
215.30682
219.10353
216.25438
218.04529
222.75487
204.14801
221.57268
225.23338
230.05602
231.21155
212.44925
226.82504
197.03854
214.49963
230.30525
211.6302
211.9151
217.93933
225.99013
220.39966
209.69852
219.51549
194.71707
204.93141
212.02936
184.47508
203.74924
212.44925
223.64171
217.93933
223.56673
204.8151
128.94762
199.72427
212.81
204.74808
225.13853
228.15761
200.79605
215.46034
192.16986
218.58852
215.61516
215.05635
219.39326
224.87619
227.25562
180.20047
187.29762
181.82265
210.30516
216.86636
218.6322
224.51872
216.44919
179.79248
208.0262
196.84688
200.47502
202.65323
221.06195
214.96828
148.43254
139.87978
194.67505
191.63893
162.38496
198.25323
203.44249
206.9001
205.3294
193.32741
185.90918
199.8453
204.70798
214.39012
157.5215
212.39568
205.78894
197.17859
204.63177
183.3155
216.98381
190.9548
171.37782
155.32858
197.66751
215.63654
210.66235
178.52026
209.02386
192.16112
187.43062
206.93335
205.66951
179.26747
206.78342
214.02385
203.82507
196.29883
202.5326
193.0044
218.5127
213.84053
194.31075
211.6552
193.14926
204.99007
195.47066
193.51907
172.30875
194.67505
197.38293
192.71707
200.88336
196.55441
214.60478
205.02583
183.85957
207.04684
215.63654
212.1175
195.0052
200.31233
208.40242
203.73695
206.9001
207.62027
209.40128
202.11821
199.32271
195.00758
157.80275
186.90999
194.66896
197.2952
190.43892
204.12267
191.56552
183.3155
208.35559
194.57304
213.48888
216.3663
199.74132
194.156
178.29369
184.9151
191.54526
213.1726
212.80125
213.32579
202.50642
201.75162
206.06117
220.26552
188.52661
207.05038
192.798
218.08534
198.4536
196.48734
213.69612
191.27264
216.08217
213.77704
200.75955
220.26552
163.16985
185.66512
193.8147
198.05603
173.72978
216.69649
193.91115
193.51907
161.17308
200.0377
207.0822
191.56552
204.29767
216.08217
180.27107
204.99007
180.97345
210.28297
184.89764
193.14926
193.81355
212.1175
191.40361
211.656
203.104
199.78497
196.60439
184.9151
157.80275
193.14563
201.5623
202.19724
206.27618
190.14093
184.58063
194.43654
185.72621
184.22264
202.85399
186.73253
189.9568
198.77264
189.55644
187.14363
197.1909
192.1592
177.8306
181.94327
173.3437
185.77419
177.8306
188.3044
184.48851
182.52899
166.91467
199.58379
199.3131
182.05832
194.11078
191.72224
193.34326
168.35672
193.93015
192.32224
185.83574
197.6365
194.78212
175.81355
202.85399
196.08463
180.76039
191.70639
184.82825
195.16946
176.05281
187.6957
200.10757
190.26074
195.45047
180.87346
191.6889
198.83415
203.31828
197.65001
179.84483
197.79128
193.04205
175.3067
192.70123
189.9568
176.50757
177.78929
179.22256
191.09052
193.08102
195.09926
163.11786
206.61633
197.18219
181.30876
206.20444
164.84958
191.98329
187.01111
192.53934
182.2433
177.95598
186.98216
173.42542
196.81706
191.43892
188.57385
191.5786
193.0754
173.90396
175.11156
174.55006
194.12541
203.03973
196.73177
192.04924
197.41669
186.21191
193.16116
151.48573
195.21469
198.0199
187.78181
204.60242
175.63496
198.5889
205.51039
202.72066
196.34052
201.5492
192.1592
195.68379
196.11946
198.3901
197.03967
204.48062
192.97742
200.82466
194.31154
188.46352
176.24763
175.62662
196.05641
180.89009
182.54047
196.40042
187.34406
198.23181
172.681
196.17781
201.0437
200.10757
203.06593
190.18452
206.05716
184.40561
197.91669
191.15207
191.3088
200.82466
153.03537
184.8191
176.05281
179.63931
179.22256
183.88135
193.83893
161.71428
182.05832
183.81232
184.15681
185.70956
163.11786
174.25322
182.55754
160.9524
192.7449
207.52304
183.73337
174.89883
195.45047
151.48573
177.81549
196.40042
160.20244
187.82425
167.33414
177.91072
163.38336
143.37617
183.70044
181.83734
169.77103
168.57579
145.34486
169.98495
155.6897
175.78497
179.76988
128.42221
172.71596
181.84566
183.12308
147.1798
169.7651
183.21864
186.66393
156.58258
170.68655
174.43056
192.49329
191.41632
154.86272
165.66626
183.17422
168.57579
169.7651
183.21864
186.66393
163.17621
188.6957
151.53531
179.4405
179.29726
174.61832
176.77585
193.10556
185.62744
176.57901
178.57817
176.03299
178.40321
156.19133
180.68022
185.18773
174.2564
184.98688
182.1445
185.93457
170.50798
181.84566
183.17422
182.01308
183.25441
180.85916
145.34486
181.21074
171.99373
189.0679
181.83615
183.68571
177.97104
166.152
182.98015
195.90283
168.52422
174.4234
178.0496
176.04369
175.73293
170.65161
166.43494
177.90874
170.80637
188.24806
182.64923
167.45757
178.99649
176.81432
186.71669
183.65561
188.6187
177.69807
166.55276
174.85835
192.98262
173.50839
191.00798
174.86035
184.433
187.76671
184.75359
176.3532
183.77702
188.95793
179.39963
172.57106
186.9167
185.55481
176.50124
192.92584
184.30322
183.32384
186.34332
183.50237
191.13931
163.64331
181.99486
194.88339
186.98215
186.44682
173.26791
162.38849
184.98889
191.41632
158.87303
177.38179
189.2818
180.7937
165.2524
169.90521
170.74838
186.43973
182.97856
135.84088
184.98929
175.9496
178.67503
192.49329
145.58768
178.15994
180.87503
186.61032
179.77147
167.6623
175.73293
192.9187
151.53531
179.29726
173.2667
177.97742
153.4909
182.01308
182.97856
153.1707
162.98021
188.44052
183.25441
161.9802
160.66232
181.28654
175.97147
172.66228
171.82306
181.23297
169.08655
180.61076
171.0949
148.77226
173.46355
163.59647
180.85916
160.19884
141.40201
190.38536
184.98929
176.03299
178.56155
171.99373
169.56671
175.34164
112.954735
162.24402
170.99052
162.3671
159.71944
163.62422
167.86191
149.93138
148.0897
149.57663
171.04688
167.34283
173.99449
157.99728
172.95166
151.09966
169.21793
161.04886
165.46634
150.479
157.84764
174.06868
182.03735
171.77264
167.36153
167.71588
171.33615
172.05754
174.0072
182.14726
165.57901
175.44846
162.47899
163.62422
151.62581
148.0897
171.96515
163.90479
180.43616
170.22858
175.70522
164.91034
173.52226
165.82224
178.73021
157.47148
166.23338
171.18495
164.65044
163.06033
168.30675
167.9246
170.99052
166.31471
146.12222
175.75081
171.33813
137.03613
175.55476
170.93016
161.78651
166.11548
159.70636
157.89407
149.48097
174.79366
138.9385
170.40836
166.87822
178.9278
178.1929
169.42824
167.64566
175.21274
164.56473
171.41034
166.78815
175.88258
165.40958
142.28618
174.78813
170.27223
170.55357
159.98256
176.04922
164.44766
159.33298
175.07266
166.89926
163.9544
172.18771
149.00711
174.83932
179.59923
175.80675
168.52983
160.45518
157.68646
172.1528
168.20953
172.70438
160.23257
158.26591
160.20203
177.70679
174.68893
155.27107
172.8798
173.9766
166.02066
162.3671
171.04688
159.00557
170.19801
177.86829
166.26747
170.37227
164.09569
174.72462
170.30083
167.1635
172.26947
159.77899
164.00955
178.73254
165.09207
166.08176
143.5885
169.11238
167.34283
176.86194
158.94763
145.26074
175.44846
142.07858
169.42824
167.19489
172.95166
171.56276
156.70796
181.37747
162.23694
150.479
126.99923
166.06393
155.88892
139.34525
171.70079
158.01828
166.20918
151.09966
162.4834
166.02066
171.78017
145.76753
162.59248
164.38098
166.26747
151.46233
172.22302
161.75197
160.36313
167.64566
170.70956
141.18933
177.86829
160.60753
149.47466
167.97188
167.39565
142.33891
165.60481
174.0072
175.21274
164.28656
158.38895
166.23338
149.62779
170.97739
164.00955
149.48097
169.64845
166.74051
171.18495
158.81628
164.46034
152.17026
153.1409
126.8139
98.39246
158.33772
156.19846
147.02979
154.33179
151.75041
157.0163
149.23296
156.73535
146.93137
136.479
152.24725
156.76907
148.55876
164.03178
148.66112
144.64209
162.38495
156.92506
156.83731
160.281
156.9929
139.60321
150.0353
155.81274
167.83336
143.99208
164.22858
94.931725
149.24725
120.030975
150.29565
154.68776
158.29683
168.46948
146.5929
138.89484
159.11153
147.75755
161.65361
151.77065
149.13376
151.19725
149.00519
154.404
152.15918
168.41791
158.59485
166.86475
169.27066
154.82544
150.0353
159.22421
161.01192
159.80322
153.38457
150.80598
150.05241
152.60437
141.49683
170.00168
167.1179
163.24133
161.39172
153.04251
152.29684
151.4762
152.81038
156.01392
163.4504
155.11829
142.47385
162.74646
148.10326
148.12701
155.3659
142.81868
111.97779
158.14725
137.39366
144.32465
142.73296
156.21036
153.11195
139.46074
158.84167
156.83731
135.35197
157.06706
154.36987
165.12543
159.8659
159.26431
164.43813
145.44765
144.85085
149.34128
158.9663
151.66467
146.09645
163.70282
153.46155
152.25955
150.9298
148.94884
143.51866
143.24722
151.85437
161.66153
149.02899
144.39525
139.82541
139.03848
155.99052
147.63257
154.4151
165.53296
157.85954
149.79529
134.25162
161.76987
158.45396
149.71948
168.8298
158.01039
157.40596
154.91905
146.08452
165.97702
160.46194
156.76907
148.74487
153.77861
156.9929
156.92506
159.32344
155.11589
165.42143
156.25519
153.98137
150.5421
155.51117
154.5635
161.90836
153.61787
159.95718
135.47345
138.52184
142.58255
155.46988
147.02979
163.41553
162.54724
149.33177
145.62103
159.70757
118.73574
151.55083
154.39804
154.17625
154.77266
171.69771
144.76591
145.62103
142.95085
156.01392
133.23177
155.38416
140.54053
166.31628
154.51512
141.61392
171.3945
137.20638
149.75595
165.46312
152.81038
140.81273
158.31592
115.249214
151.32901
161.01192
150.26312
153.98137
159.80322
146.09645
142.58255
148.6266
153.11195
153.38457
154.7032
141.42975
148.97504
151.85437
149.0246
161.76987
139.99286
163.24133
152.73062
150.05241
164.36435
159.32344
156.24132
146.11906
160.46194
147.39404
162.54724
157.47426
123.50079
140.20918
138.06352
150.27902
145.19289
154.80876
120.030975
101.067474
119.25557
141.371
109.828186
119.5889
136.68893
120.98575
134.1151
128.25952
124.45321
122.48415
138.97939
138.60757
139.34448
145.22542
135.25002
139.46075
122.12223
121.50952
142.4179
144.59964
141.98415
107.44129
145.78018
141.05795
137.9353
136.41035
128.8044
133.20798
140.61748
142.31314
122.629005
143.58853
143.92264
143.25679
131.91867
132.87065
133.43611
144.26787
153.89247
136.37225
127.59128
152.49051
154.6691
154.31946
146.43892
144.82619
137.0302
144.88055
139.08257
142.5417
137.85397
151.81825
145.39009
146.40794
148.36513
121.26151
146.8576
149.2552
134.1151
152.12544
146.09962
151.5143
132.96353
148.19884
145.78018
139.85043
136.24048
152.34485
137.1397
149.30324
144.7937
150.84607
143.1036
147.76628
140.49367
150.55281
151.48337
136.41867
142.79605
142.65952
149.11589
145.3044
142.17738
110.22105
139.46075
122.758385
129.77979
149.27106
138.72063
142.94847
141.89288
139.87262
87.52936
142.51547
135.68216
151.81389
150.61113
147.36551
143.80243
140.56114
141.40039
140.15637
143.74922
139.20717
149.32817
148.75005
129.56747
156.1314
147.131
141.88135
153.53574
148.27542
145.35677
148.37305
155.04922
135.61865
133.24965
139.4635
151.52107
129.93414
131.83614
128.74487
139.20876
133.26352
138.50357
150.4536
136.96393
133.07423
130.29248
141.17464
141.25595
162.69092
137.35913
143.55122
143.33174
139.99207
156.52147
138.09566
145.98929
149.58377
144.66391
138.95557
148.24368
138.28375
143.77701
136.92224
142.66946
141.89966
144.36472
148.87267
140.45439
144.60083
147.84724
150.01312
149.05562
155.25401
140.9905
140.03691
124.4139
135.65834
134.85559
105.59209
154.10121
141.371
124.77105
144.96193
150.55597
128.75476
156.59927
151.18094
148.35597
142.93019
145.45914
130.80954
150.9671
147.16907
144.6524
127.8786
144.40994
138.43214
148.13573
145.12701
140.91194
137.4758
140.74963
151.79884
151.70793
140.74963
122.629005
130.57384
159.60681
135.53654
137.60638
152.85518
128.75476
145.63971
149.32817
143.06827
136.47464
147.36551
125.19088
146.72739
126.47343
142.40123
145.57304
106.27739
143.74922
129.18613
142.57303
129.77979
151.70793
124.72345
110.22105
149.02979
139.87262
139.76271
141.28415
131.91867
150.00322
133.80917
118.380554
146.67424
124.11988
136.94684
135.83614
130.16116
132.73775
112.82978
145.70082
156.03616
129.22462
147.71272
140.56114
134.87146
118.609146
139.85083
146.81987
146.40794
135.68216
144.7937
143.40082
138.03175
130.74168
126.8917
142.79605
132.66473
136.09763
128.21509
126.1512
147.04012
132.1115
148.13573
132.2528
139.1659
105.89642
132.67859
130.13493
115.29049
136.50359
104.459526
125.5024
126.5905
122.86984
124.94526
130.93454
136.64763
134.95001
120.44092
117.68574
128.36273
116.18533
134.84013
116.40081
123.64765
121.31828
121.064705
114.94923
137.5536
108.11986
122.08452
124.51948
141.63255
75.280556
130.67738
131.81354
122.813515
136.07501
136.2151
140.04843
147.38496
137.02422
126.98176
127.60399
119.619064
125.51946
140.15479
136.1175
135.29803
121.064705
126.91072
125.088104
140.47421
142.55717
76.90397
140.55281
135.70717
130.65599
139.65399
129.58377
125.50795
137.09726
128.4512
140.25912
137.64845
132.04169
118.361916
125.61551
130.18614
143.9429
130.25201
132.4762
140.32582
137.5536
141.63255
136.64763
137.97145
134.67422
140.43454
140.82619
138.55202
136.39803
119.97223
134.95001
126.90516
105.30993
122.86984
131.83138
137.5532
127.49407
138.7151
135.58453
136.83258
140.1659
124.33096
118.31472
122.402794
126.29211
128.36273
129.63931
136.79604
111.21231
127.84207
133.21907
143.59885
122.48732
115.736496
111.80558
127.43972
132.7413
125.78098
127.97542
139.78136
139.99208
143.79527
139.46626
133.23016
136.3913
135.66153
142.37186
122.08452
137.56786
134.50159
129.45282
113.08056
129.53256
123.260345
135.7401
130.10437
131.80522
135.3889
124.8528
119.53139
124.32741
105.66587
136.95917
131.97067
130.17581
117.27463
118.90438
132.47781
140.8437
127.6659
130.1524
137.85556
137.4254
130.93454
133.07898
124.357574
129.6536
132.05838
130.9532
131.30003
124.763115
135.47145
125.65004
129.82504
115.64566
134.67737
138.5377
128.99924
130.91472
142.84048
132.60399
128.0758
133.67148
141.40877
135.42741
130.18932
126.094864
136.79686
138.0409
131.12901
136.17024
137.68018
142.37108
133.54327
129.49445
139.01154
137.2302
134.28772
139.09407
138.63852
137.28893
137.43378
133.0409
131.32225
134.21669
122.473434
135.82782
137.53336
130.80399
125.259544
114.94923
130.827
137.97145
127.81431
135.75558
131.12901
126.85556
115.876976
125.73296
135.0044
125.259544
114.274994
147.38496
137.4421
142.01826
129.49445
134.67422
132.4762
126.32265
137.68018
95.830956
131.50005
120.80756
132.47781
105.66587
125.10715
118.96946
126.98176
139.46626
126.40121
111.936516
104.39206
116.54367
116.930565
112.40439
138.55202
140.82619
120.27977
110.44288
113.69405
127.346855
117.44207
129.53256
130.20361
122.94248
131.42107
137.62582
116.4655
126.818275
140.43454
128.99924
136.27184
138.63852
134.55357
125.57345
128.2893
140.8437
107.05477
138.22624
138.29407
131.34248
134.28972
130.01788
118.56033
73.80197
133.60956
136.3913
117.096054
130.80399
122.920265
135.58453
139.6611
127.49407
122.85081
119.47581
75.280556
119.619064
126.90516
120.07661
126.40878
133.23016
103.03812
91.00913
107.46389
86.69049
108.33216
83.52264
124.41352
118.01152
119.32579
131.04408
121.636116
93.3984
119.679
101.378975
116.81986
116.09366
121.24209
119.61629
109.479385
115.101616
108.254776
110.24647
120.42858
114.241264
115.99763
101.08613
119.96589
115.31868
114.86826
118.24646
100.20673
123.2413
121.18097
124.70122
129.679
112.0778
123.534935
122.50597
123.320274
113.60517
123.36986
111.41151
117.12542
109.87581
101.59605
114.251205
131.93259
121.936134
122.67979
112.58771
115.02026
120.918686
123.534935
122.05397
108.23294
106.89485
126.28177
128.28334
102.45518
118.498024
109.87581
115.29725
126.12502
107.4627
116.00876
120.27502
121.68178
123.263115
112.29524
119.60638
98.30198
122.36351
127.32065
105.474625
108.76191
130.85518
119.98653
124.53215
127.46194
127.07303
125.484955
118.725006
95.48175
127.31706
114.24127
122.245255
121.96192
116.09606
106.57065
124.14644
114.92302
111.120255
125.812325
123.33098
116.04486
126.328186
126.61986
121.64088
121.23533
122.33414
92.303185
126.146454
121.08256
113.919075
118.01152
124.65598
121.38495
122.66708
126.04762
118.365906
111.64605
105.04326
125.59488
114.45796
105.096054
128.46075
123.62066
118.23574
107.7127
123.25439
126.73731
117.59685
116.23494
107.94563
130.5925
117.946045
107.296844
120.36708
116.11906
131.93259
121.449615
121.18097
125.240875
119.27027
123.85914
118.24646
100.99723
115.97265
124.86551
118.22182
106.55872
128.63176
115.016685
104.228584
111.842865
126.72978
120.849625
117.95438
114.28176
116.81986
116.44325
124.39169
112.487305
122.57382
124.577385
116.51073
126.09763
123.36986
118.36074
123.187325
113.5004
94.791275
105.71033
118.388504
117.64883
116.65239
127.265495
103.33891
118.02978
111.961914
116.272644
125.0794
122.18772
120.863106
122.5762
122.04446
124.71946
118.230576
119.32579
73.05594
121.72741
117.83692
110.93769
125.04486
121.11869
113.97423
111.524216
121.10794
113.16154
133.46074
125.06232
127.176216
115.46548
126.82025
106.813484
106.76271
124.854385
117.561554
127.62819
132.16751
132.42976
117.38137
117.779785
114.11828
95.250404
102.79247
123.87659
115.06985
123.10517
119.41986
122.66548
116.5373
121.420654
112.85399
127.45757
125.30437
122.79725
126.36788
127.2417
121.77145
121.85398
120.38732
119.80995
114.518265
120.61786
125.503586
120.54446
119.613495
127.180565
121.48772
124.17223
113.83175
119.19009
126.39844
121.37422
114.66351
121.93414
120.32899
118.33692
123.26471
127.76986
116.24842
127.52344
124.01988
124.787735
126.12345
115.49207
126.64605
129.38733
131.29527
119.12383
125.60876
131.7191
119.12145
120.4782
122.86826
118.91749
125.70001
115.69008
125.86707
116.073845
117.50876
109.79683
125.34088
123.08257
90.15199
129.1885
115.71906
129.1885
121.748436
115.631355
115.46548
104.58057
115.406746
116.71986
110.592865
125.60876
116.034134
112.50914
121.38495
125.06232
112.45516
126.09763
112.749245
97.00754
113.797226
125.59488
75.992065
109.05953
116.46668
105.81747
124.65598
101.59603
107.14288
121.93414
105.00595
85.8127
123.62066
107.51472
109.83772
122.33414
121.64088
131.29527
108.74445
102.93017
117.83692
102.22223
90.15199
120.849625
120.929
95.250404
126.85678
115.665085
128.25159
130.5925
114.28176
117.779785
112.40874
69.82341
114.55716
98.1643
112.76986
124.775406
118.21747
106.813484
116.272644
120.02938
121.08256
101.85238
108.015076
116.00876
122.72581
125.64128
124.38096
110.20081
115.383354
114.10042
109.84962
104.255974
106.55872
109.81669
111.697624
114.92302
116.44325
126.84049
125.86707
106.78294
106.66392
115.02026
106.57065
113.68613
116.94445
124.415504
111.961914
108.23294
100.85635
98.58689
102.2627
100.11152
111.019844
111.10039
95.69921
98.17619
95.075
94.29922
97.421425
98.24842
94.851974
90.352776
91.022224
107.921036
44.665077
93.534134
111.30041
115.43849
98.25834
92.66588
111.83057
109.15677
104.767075
116.68375
109.15636
105.881744
97.09486
102.1409
115.99249
103.46152
106.73772
94.42262
113.82857
103.552
102.733734
109.64285
104.05318
116.07303
110.961914
109.2274
110.11509
100.5873
97.45673
109.03453
111.82462
113.84804
105.24605
108.85635
110.3274
102.625015
104.655174
111.925026
98.69365
112.40476
108.63256
108.23771
110.90477
108.24127
111.50358
110.5024
113.10955
116.88376
108.303185
111.01034
108.822624
105.22779
103.63254
113.78216
99.34206
102.33852
91.03334
114.0139
98.24842
85.53333
113.015884
103.0881
101.11549
114.109924
97.421425
114.61311
110.05002
103.646835
103.734924
107.73374
117.55478
108.0643
109.146034
109.68373
110.19525
104.90795
70.16627
108.8389
112.19645
104.673416
104.76192
101.95715
107.55676
102.2627
114.1401
101.44287
102.21588
110.7135
117.28375
91.57222
108.95994
111.5401
83.980545
87.16071
101.65991
98.51826
109.20636
100.85635
88.35238
95.69921
105.93413
106.44644
112.833755
80.92659
109.36469
110.99683
107.5778
103.31667
107.98652
107.921036
103.69247
98.44048
110.775406
107.1254
91.55239
102.96706
121.19288
101.48653
112.153595
108.508736
95.16349
98.58689
106.5512
93.822235
110.28494
115.15558
98.19048
96.27539
99.89088
110.13216
116.991684
83.46866
94.83731
105.2508
114.61351
89.14086
105.881744
81.66269
115.41907
93.48929
112.63571
107.05796
76.85475
108.152016
118.41788
104.83096
110.54804
116.7631
107.19127
116.13494
107.572235
107.54405
108.499214
112.05597
116.442085
114.08135
87.22857
110.41233
106.51984
96.83096
106.00557
95.98135
105.17263
106.637314
61.74483
116.03374
106.53255
97.79603
107.48769
111.66549
102.71429
100.75119
103.24644
113.10994
96.50953
89.05634
92.919846
107.1631
112.79485
103.19485
108.3131
106.496826
113.35596
107.1504
108.090485
111.35517
116.188126
110.571045
101.34366
115.390495
115.2258
105.35635
100.26112
98.655174
104.86826
115.38016
108.179375
113.253586
106.956764
105.92699
101.22064
106.462715
110.7651
114.50952
113.79723
109.963905
115.1758
107.25913
100.863495
107.401985
108.56032
102.06311
108.924225
105.207924
116.27739
115.43849
112.48852
112.270256
101.18255
104.767075
90.73215
107.40953
104.92183
104.63929
102.52817
99.820625
100.60715
100.9627
113.69922
90.427376
87.60554
105.85598
116.55001
106.375404
107.38653
97.7635
105.34048
109.56429
113.81034
97.171036
105.983345
102.77025
110.775406
112.833755
106.99921
99.214676
100.189674
93.17302
109.17503
100.10438
93.40874
114.1401
95.556366
111.821846
97.16469
97.26033
108.16352
104.90795
113.44644
103.40277
107.9623
103.734924
77.44444
88.81746
113.76152
109.074615
106.44644
92.919846
98.70119
112.270256
102.82062
101.48653
104.92976
114.374214
91.03334
76.85475
99.89088
102.3762
93.56785
112.75716
97.69641
107.8266
102.14921
103.523415
94.700005
109.634155
100.00437
107.73374
85.53333
105.257545
99.78176
108.152016
115.95755
104.76192
102.02859
102.66072
117.83891
111.82462
115.38016
96.36272
106.65515
114.36865
107.401985
106.844055
104.16945
105.02026
102.96706
107.98374
97.20198
92.17103
110.05002
105.26826
104.01667
100.06865
99.55755
105.59801
101.294846
101.34366
109.142075
102.04643
102.52817
117.55478
93.7258
109.146034
96.38017
108.775024
101.65991
100.13969
100.93651
108.499214
100.59049
108.23771
108.32937
109.68373
96.10635
99.22104
103.75318
91.706345
103.85674
91.93415
115.1758
90.217476
102.56666
112.91669
70.16627
97.73016
102.98888
101.11549
89.05634
114.752
91.57222
95.913895
104.60239
87.11587
113.05597
107.50319
110.3639
97.81907
93.61906
67.24801
90.25515
73.25555
87.34245
102.486916
93.2385
102.08017
89.98532
101.53057
86.11032
95.63572
100.15793
89.3258
84.52619
87.18057
96.86032
90.81825
93.827774
78.88888
91.37698
89.33691
84.847626
95.63573
99.046036
83.328964
86.58293
92.49682
94.923004
85.11786
88.66429
94.67301
82.669426
86.62897
82.52898
99.62422
83.9877
84.85079
88.61866
92.92778
83.96429
82.15713
100.987305
97.34881
87.07142
92.05396
79.75913
99.46151
88.12182
56.96944
96.224205
56.457935
86.09365
88.694046
98.124214
86.971825
92.12263
100.987305
97.87899
75.50516
105.95636
90.649605
95.25079
93.33256
96.45
82.941666
102.09127
99.35635
93.42222
95.24366
99.34286
79.225
93.162285
105.86867
83.90318
96.22937
103.121826
93.43096
97.270256
100.27858
97.727776
98.96033
94.3377
99.425
72.444435
101.44167
99.41586
93.20277
65.61429
99.90753
88.10318
95.28889
97.77659
102.95993
102.837296
96.607155
100.96984
94.61152
99.37302
98.53175
95.13176
102.02301
92.05675
100.30793
96.0377
100.238495
101.43215
96.5258
72.504745
100.903175
102.857956
98.040474
102.29048
100.077385
93.827774
95.42026
105.035736
95.133736
101.59327
91.36112
100.62658
93.53413
101.618256
102.08017
102.03889
97.85358
103.47977
65.82143
99.52024
92.39128
92.92778
89.3258
84.52619
99.89406
92.8012
103.49009
97.62701
93.15634
91.68411
88.47343
94.575386
91.398026
98.09206
91.2782
98.61271
91.88532
95.45279
97.1135
92.72897
91.718666
98.15517
84.94524
95.57936
98.411514
101.66944
98.330956
91.02064
93.10436
88.72698
92.48333
96.88534
93.2385
101.99286
97.14525
99.87382
102.43691
98.9774
100.483734
96.38492
95.726585
104.656746
91.820244
98.45437
84.54802
97.46548
98.49364
93.82024
99.32896
96.963104
91.21033
98.41985
102.486916
89.658714
78.829765
85.2127
93.451195
94.18294
100.353584
93.39923
94.54565
93.77937
88.12182
93.62063
105.49366
99.671036
102.81667
89.97302
96.92144
83.713486
99.15239
88.08571
99.44247
97.56151
90.18175
88.98332
91.15515
101.00595
88.7865
90.81667
94.69564
95.482155
94.75357
96.29287
90.978195
91.97698
95.57222
92.89761
86.36151
101.56827
83.40277
98.29604
102.54168
94.9004
100.02261
96.94484
82.98811
104.48771
93.745636
101.69684
94.41549
90.35953
98.198814
98.744835
96.17621
85.16943
99.11628
100.93136
94.49881
78.65277
98.574615
91.94207
85.437294
97.10397
77.609924
95.71311
96.224205
101.53057
93.78573
95.727394
91.11269
89.40676
103.88334
103.475395
96.5123
93.95277
101.35834
96.043655
96.41272
96.45992
105.87303
98.67817
94.22819
95.94841
97.26349
104.60398
90.18293
89.72858
88.11786
102.15277
82.65396
91.04168
90.75715
104.34168
82.15713
78.41587
102.97461
94.16864
92.34049
95.651596
93.69842
100.77103
99.046036
88.94842
97.39405
73.4738
102.53215
97.34881
91.20555
90.46708
95.770256
94.88372
103.79405
94.272224
101.98769
91.23215
95.53015
98.14842
85.5615
88.21747
102.60119
97.012695
88.28254
94.96509
93.49167
97.43929
94.06904
102.37065
89.33691
92.46429
85.53492
96.33929
96.451195
95.589294
80.13333
96.05913
99.65477
100.37025
101.440475
93.212296
93.08173
95.76587
99.62422
89.02739
96.49881
96.21667
95.82222
85.97819
96.44842
94.45912
93.415886
95.69444
88.694046
95.967064
98.91033
94.21231
62.967045
99.87382
94.10476
98.411514
78.6258
90.649605
80.38968
92.34882
95.726585
104.656746
87.6738
88.852394
98.53175
92.24842
93.33256
96.84287
88.98652
61.200783
83.90636
95.96509
101.12777
89.54325
81.70435
93.695244
101.83454
96.8508
79.4984
92.34049
87.70078
96.25953
94.71467
83.869446
101.775406
94.407936
100.62658
93.15634
94.914276
91.21033
101.13017
84.29127
95.28373
89.83015
91.82698
65.82143
91.27817
99.52024
98.6012
101.83056
72.25157
85.445244
83.774994
80.075
97.20635
94.9004
103.275
87.47302
82.66864
100.451996
78.829765
96.475784
101.26508
100.903175
92.75
95.859535
28.546827
82.61111
81.757545
95.646034
89.82382
95.71984
86.679375
101.618256
89.76707
85.63134
90.18293
92.90398
88.24722
84.437706
88.12817
99.671036
62.917843
105.87303
91.15556
73.908325
91.15001
105.49366
82.0615
100.483734
99.008736
91.819046
92.37183
85.38097
96.451195
76.8
63.036896
66.749985
62.863876
71.46665
81.427765
66.63847
55.846817
63.345623
63.95437
63.952374
73.76865
81.134125
87.30515
81.0627
71.36429
82.104744
87.92301
91.23612
68.17221
79.3111
87.42143
86.358734
74.21944
85.93334
81.97936
79.25198
81.25555
85.5496
61.63293
88.64364
80.34602
84.79761
74.21071
67.35357
70.78173
72.63175
58.95277
70.850784
62.728165
74.77062
75.38928
81.23491
80.2992
81.66428
86.24325
78.956345
83.423416
88.21745
72.13252
75.10634
85.89563
87.40992
73.61863
84.10912
74.74642
73.99442
87.74324
89.6012
68.238075
76.55952
70.26229
80.05794
59.610703
70.87302
62.728165
82.44483
89.8266
87.2869
84.34286
85.5496
85.89563
84.84523
63.673004
89.6012
77.55753
77.31984
79.99761
86.75437
88.29762
73.985306
91.66429
85.08174
71.88769
74.990875
82.418625
73.51192
73.84484
77.251205
76.55237
92.46627
81.37618
72.68332
79.30555
81.3865
79.16191
90.5877
87.03968
78.59404
78.75832
85.76904
77.309525
82.75635
83.054756
78.189674
80.131744
75.65237
80.226585
82.83452
89.9135
86.621025
85.95555
87.53175
86.43651
88.19643
84.00596
71.40992
74.99325
71.08768
84.5254
79.52737
78.61428
82.40119
85.43492
79.21586
83.569435
89.10042
74.622215
92.78056
78.307144
87.00079
67.957535
84.87856
81.17658
83.58651
83.30317
78.609924
87.55357
70.93055
84.24047
87.882935
87.2381
85.854774
83.761505
81.97063
88.54961
82.48491
78.916664
93.715866
83.96348
91.107155
83.66587
90.11824
88.015076
80.30833
72.95238
77.96111
81.99008
76.427376
84.31587
86.09722
69.9615
77.205956
77.52064
88.64364
78.52816
75.63332
84.94604
84.2242
84.01864
84.75318
87.17303
81.18849
81.7369
84.05277
86.83254
70.65079
85.84921
68.03292
75.87816
85.771416
82.05356
80.03373
82.6615
81.134125
62.305145
70.71904
75.24168
66.02102
85.11111
86.76032
82.75157
79.53849
78.17579
78.44008
72.63649
91.70437
69.22698
41.71508
88.11349
71.80713
78.35476
72.26824
78.06427
80.47579
86.32024
80.194435
78.63095
88.73254
79.89326
83.72064
91.81825
84.50357
80.03096
90.952385
84.66786
72.12063
88.19682
86.16826
70.29642
56.251183
75.36983
87.72302
82.24562
61.51547
81.57342
86.250786
87.334526
65.428955
78.02063
77.522224
76.45318
78.06269
81.37539
90.821045
61.214672
85.45237
68.63254
82.060715
86.99404
73.53731
70.92103
87.608734
75.04245
69.117455
75.78532
79.44484
61.213882
73.70871
72.03649
72.86705
84.82301
89.664665
84.83174
80.123405
85.54285
82.58294
88.18253
72.13252
61.896816
74.51229
87.92301
87.40992
71.92063
86.50276
91.89643
79.955956
84.708725
81.54763
89.686905
86.57738
83.78849
86.27619
90.10912
77.17303
80.66072
85.82063
82.81984
85.00278
60.553562
82.09483
87.79405
83.87063
89.26905
91.318665
75.83532
86.8135
82.39563
83.97857
89.05318
82.053566
82.90515
87.91387
85.03413
91.94206
84.03254
89.96031
82.96387
79.86468
84.05436
90.51984
85.27895
89.59563
89.65437
89.35477
89.82778
83.9873
90.11231
82.77024
83.067856
84.91865
87.94086
84.147224
85.23373
84.631355
85.5369
89.36904
58.95277
76.050385
74.25833
88.06031
85.854774
87.68294
87.44565
75.068634
85.963486
79.66072
85.30794
91.89366
76.226974
82.78532
88.649216
79.97976
87.52062
76.45793
84.35951
68.193245
79.677765
79.1
80.13532
86.07857
73.73889
84.344444
91.3996
85.22698
82.23174
81.02103
84.01429
76.198814
93.2619
73.81942
86.28493
88.82184
81.59721
72.49682
77.33134
87.07619
84.824196
78.474594
87.26905
75.88015
92.6131
80.02897
81.08691
80.15357
87.52458
82.39564
80.98293
83.555954
85.19126
67.35357
70.78173
77.360306
69.18769
86.070244
82.44208
84.07935
85.90753
82.57579
85.30794
86.509514
69.95316
83.555954
81.499596
91.27262
85.848015
81.18849
79.66507
83.87063
74.41506
78.01983
75.20554
88.06031
61.896816
80.06389
81.7369
76.427376
59.617046
72.96905
91.81825
70.87302
78.319435
74.69402
79.3869
72.14444
80.13532
73.73889
83.58651
87.882935
81.17658
91.70437
61.430546
84.344444
74.009514
86.09524
78.60595
65.24523
82.6615
79.216644
78.21824
76.96429
84.83174
84.06904
81.89642
75.70158
73.41824
82.77657
68.63254
78.55475
80.30833
84.94604
73.90118
81.23332
78.17579
88.41229
77.96111
80.94801
87.2381
72.26824
78.04565
83.96348
73.38651
81.57342
84.01864
81.92857
89.664665
80.37619
75.291664
81.99008
80.52699
90.11824
87.012314
81.251976
86.09722
76.980545
67.432526
81.62579
76.437294
80.325386
90.11231
86.50276
77.701584
70.92103
74.996025
82.18136
78.90913
78.307945
71.91507
81.150795
79.53849
87.72302
78.05594
86.83254
78.95078
79.97976
87.26905
69.94285
84.4119
62.305145
81.22856
63.673004
74.47182
84.35951
81.36665
79.371025
83.58373
78.73689
80.49007
87.92102
76.006744
80.97817
71.65038
81.3865
66.47499
72.95238
85.58055
88.367485
73.786896
77.21031
66.28332
77.76706
80.19841
75.88254
88.54961
76.2361
82.39564
80.867455
72.49682
86.81468
80.03096
65.07658
77.79404
74.983734
62.585705
80.47579
69.26625
76.58691
83.43413
81.94285
69.5865
58.04959
51.69127
71.06268
64.450775
54.40515
71.305534
66.25873
54.214283
59.49444
67.53014
70.39324
66.89364
64.01507
65.78968
54.680553
79.15635
65.82776
64.995636
60.381344
65.02896
60.79681
66.66864
69.8619
68.55555
73.51111
63.284515
62.196014
80.58691
71.23809
66.04998
71.31745
59.168243
54.097214
66.6222
64.088486
67.13452
65.17499
71.88649
64.47539
72.974205
65.013084
71.3119
54.354748
49.245632
66.13094
65.84205
76.282135
56.141262
71.09643
47.02936
64.20436
57.046024
70.508736
66.90397
71.074585
71.44205
62.676575
77.60119
62.269432
58.820236
73.29602
63.2742
58.856342
71.32062
67.325775
63.959915
73.10476
71.190865
71.44404
62.562683
58.728157
62.057533
67.14206
59.324593
68.18133
65.31944
72.75554
70.748405
63.40356
79.92461
63.66348
70.66071
69.25476
71.146416
70.16627
60.464684
44.680157
76.49286
72.32697
71.23809
72.779755
65.64801
75.98768
64.107925
72.75554
68.173
69.91388
71.63371
74.5865
63.012688
73.507126
69.15357
60.16825
63.912685
73.179756
59.65833
71.93213
76.38452
62.449997
68.12856
72.97261
73.93491
62.30118
62.22817
64.44046
63.77022
65.98293
71.08729
51.772614
77.74682
56.065865
75.696014
69.35356
69.539276
75.911514
76.84564
73.35594
71.06864
76.01785
74.39285
65.59324
63.9488
71.5714
78.4127
67.83452
71.52658
73.29602
78.544044
71.39443
74.828964
72.31665
73.91269
69.613884
68.742455
71.7972
69.99206
78.12778
65.390854
71.760315
63.086506
72.38768
68.84444
77.365074
70.73928
70.48333
53.367844
68.45872
63.810703
76.005554
73.99642
70.59762
62.196014
72.63372
58.791256
76.184525
65.61189
66.36111
69.7742
76.00556
67.01507
77.46666
67.90118
62.149593
68.603165
68.08967
63.844433
73.4234
69.19761
68.03571
66.9357
71.765465
68.29046
71.02023
60.917847
68.13847
72.78174
64.59522
68.03689
75.97738
73.51111
65.15316
67.13452
80.58691
78.29683
73.85951
73.1738
70.64205
63.823402
67.73094
76.644035
67.680954
68.905945
69.40674
66.87538
63.82141
60.42935
70.354355
69.06666
72.44523
63.362682
54.029755
66.56745
67.325775
72.425385
74.16269
67.1361
65.19245
58.349194
64.70555
73.4238
73.2242
72.96388
66.615456
61.815464
66.64165
77.31745
71.56547
63.184906
71.95356
70.05833
64.24602
77.890076
68.00714
72.04403
53.22896
76.09523
67.61824
71.27776
75.96903
68.56506
70.66151
72.021416
65.0726
71.20277
60.79681
